1.000000000000000000e+03 5.980000000000000000e+03
1.025000000000000000e+03 5.980000000000000000e+03
1.050000000000000000e+03 5.980000000000000000e+03
1.075000000000000000e+03 5.980000000000000000e+03
1.100000000000000000e+03 5.980000000000000000e+03
1.125000000000000000e+03 5.980000000000000000e+03
1.150000000000000000e+03 5.980000000000000000e+03
1.175000000000000000e+03 5.980000000000000000e+03
1.200000000000000000e+03 5.980000000000000000e+03
1.225000000000000000e+03 5.980000000000000000e+03
1.250000000000000000e+03 5.980000000000000000e+03
1.275000000000000000e+03 5.980000000000000000e+03
1.300000000000000000e+03 5.980000000000000000e+03
1.325000000000000000e+03 5.980000000000000000e+03
1.350000000000000000e+03 5.980000000000000000e+03
1.375000000000000000e+03 5.980000000000000000e+03
1.400000000000000000e+03 5.980000000000000000e+03
1.425000000000000000e+03 5.980000000000000000e+03
1.450000000000000000e+03 5.980000000000000000e+03
1.475000000000000000e+03 5.980000000000000000e+03
1.500000000000000000e+03 5.980000000000000000e+03
1.525000000000000000e+03 5.980000000000000000e+03
1.550000000000000000e+03 5.980000000000000000e+03
1.575000000000000000e+03 5.980000000000000000e+03
1.600000000000000000e+03 5.980000000000000000e+03
1.625000000000000000e+03 5.980000000000000000e+03
1.650000000000000000e+03 5.980000000000000000e+03
1.675000000000000000e+03 5.980000000000000000e+03
1.700000000000000000e+03 5.980000000000000000e+03
1.725000000000000000e+03 5.980000000000000000e+03
1.750000000000000000e+03 5.980000000000000000e+03
1.775000000000000000e+03 5.980000000000000000e+03
1.800000000000000000e+03 5.980000000000000000e+03
1.825000000000000000e+03 5.980000000000000000e+03
1.850000000000000000e+03 5.980000000000000000e+03
1.875000000000000000e+03 5.980000000000000000e+03
1.900000000000000000e+03 5.980000000000000000e+03
1.925000000000000000e+03 5.980000000000000000e+03
1.950000000000000000e+03 5.980000000000000000e+03
1.975000000000000000e+03 5.980000000000000000e+03
2.000000000000000000e+03 5.980000000000000000e+03
2.025000000000000000e+03 5.980000000000000000e+03
2.050000000000000000e+03 5.980000000000000000e+03
2.075000000000000000e+03 5.980000000000000000e+03
2.100000000000000000e+03 5.980000000000000000e+03
2.125000000000000000e+03 5.980000000000000000e+03
2.150000000000000000e+03 5.980000000000000000e+03
2.175000000000000000e+03 5.980000000000000000e+03
2.200000000000000000e+03 5.980000000000000000e+03
2.225000000000000000e+03 5.980000000000000000e+03
2.250000000000000000e+03 5.980000000000000000e+03
2.275000000000000000e+03 5.980000000000000000e+03
2.300000000000000000e+03 5.980000000000000000e+03
2.325000000000000000e+03 5.980000000000000000e+03
2.350000000000000000e+03 5.980000000000000000e+03
2.375000000000000000e+03 5.980000000000000000e+03
2.400000000000000000e+03 5.980000000000000000e+03
2.425000000000000000e+03 5.980000000000000000e+03
2.450000000000000000e+03 5.980000000000000000e+03
2.475000000000000000e+03 5.980000000000000000e+03
2.500000000000000000e+03 5.980000000000000000e+03
2.525000000000000000e+03 5.980000000000000000e+03
2.550000000000000000e+03 5.980000000000000000e+03
2.575000000000000000e+03 5.980000000000000000e+03
2.600000000000000000e+03 5.980000000000000000e+03
2.625000000000000000e+03 5.980000000000000000e+03
2.650000000000000000e+03 5.980000000000000000e+03
2.675000000000000000e+03 5.980000000000000000e+03
2.700000000000000000e+03 5.980000000000000000e+03
2.725000000000000000e+03 5.980000000000000000e+03
2.750000000000000000e+03 5.980000000000000000e+03
2.775000000000000000e+03 5.980000000000000000e+03
2.800000000000000000e+03 5.980000000000000000e+03
2.825000000000000000e+03 5.980000000000000000e+03
2.850000000000000000e+03 5.980000000000000000e+03
2.875000000000000000e+03 5.980000000000000000e+03
2.900000000000000000e+03 5.980000000000000000e+03
2.925000000000000000e+03 5.980000000000000000e+03
2.950000000000000000e+03 5.980000000000000000e+03
2.975000000000000000e+03 5.980000000000000000e+03
3.000000000000000000e+03 5.980000000000000000e+03
3.025000000000000000e+03 5.980000000000000000e+03
3.050000000000000000e+03 5.980000000000000000e+03
3.075000000000000000e+03 5.980000000000000000e+03
3.100000000000000000e+03 5.980000000000000000e+03
3.125000000000000000e+03 5.980000000000000000e+03
3.150000000000000000e+03 5.980000000000000000e+03
3.175000000000000000e+03 5.980000000000000000e+03
3.200000000000000000e+03 5.980000000000000000e+03
3.225000000000000000e+03 5.980000000000000000e+03
3.250000000000000000e+03 5.980000000000000000e+03
3.275000000000000000e+03 5.980000000000000000e+03
3.300000000000000000e+03 5.980000000000000000e+03
3.325000000000000000e+03 5.980000000000000000e+03
3.350000000000000000e+03 5.980000000000000000e+03
3.375000000000000000e+03 5.980000000000000000e+03
3.400000000000000000e+03 5.980000000000000000e+03
3.425000000000000000e+03 5.980000000000000000e+03
3.450000000000000000e+03 5.980000000000000000e+03
3.475000000000000000e+03 5.980000000000000000e+03
3.500000000000000000e+03 5.980000000000000000e+03
3.525000000000000000e+03 5.980000000000000000e+03
3.550000000000000000e+03 5.980000000000000000e+03
3.575000000000000000e+03 5.980000000000000000e+03
3.600000000000000000e+03 5.980000000000000000e+03
3.625000000000000000e+03 5.980000000000000000e+03
3.650000000000000000e+03 5.980000000000000000e+03
3.675000000000000000e+03 5.980000000000000000e+03
3.700000000000000000e+03 5.980000000000000000e+03
3.725000000000000000e+03 5.980000000000000000e+03
3.750000000000000000e+03 5.980000000000000000e+03
3.775000000000000000e+03 5.980000000000000000e+03
3.800000000000000000e+03 5.980000000000000000e+03
3.825000000000000000e+03 5.980000000000000000e+03
3.850000000000000000e+03 5.980000000000000000e+03
3.875000000000000000e+03 5.980000000000000000e+03
3.900000000000000000e+03 5.980000000000000000e+03
3.925000000000000000e+03 5.980000000000000000e+03
3.950000000000000000e+03 5.980000000000000000e+03
3.975000000000000000e+03 5.980000000000000000e+03
4.000000000000000000e+03 5.980000000000000000e+03
4.025000000000000000e+03 5.980000000000000000e+03
4.050000000000000000e+03 5.980000000000000000e+03
4.075000000000000000e+03 5.980000000000000000e+03
4.100000000000000000e+03 5.980000000000000000e+03
4.125000000000000000e+03 5.980000000000000000e+03
4.150000000000000000e+03 5.980000000000000000e+03
4.175000000000000000e+03 5.980000000000000000e+03
4.200000000000000000e+03 5.980000000000000000e+03
4.225000000000000000e+03 5.980000000000000000e+03
4.250000000000000000e+03 5.980000000000000000e+03
4.275000000000000000e+03 5.980000000000000000e+03
4.300000000000000000e+03 5.980000000000000000e+03
4.325000000000000000e+03 5.980000000000000000e+03
4.350000000000000000e+03 5.980000000000000000e+03
4.375000000000000000e+03 5.980000000000000000e+03
4.400000000000000000e+03 5.980000000000000000e+03
4.425000000000000000e+03 5.980000000000000000e+03
4.450000000000000000e+03 5.980000000000000000e+03
4.475000000000000000e+03 5.980000000000000000e+03
4.500000000000000000e+03 5.980000000000000000e+03
4.525000000000000000e+03 5.980000000000000000e+03
4.550000000000000000e+03 5.980000000000000000e+03
4.575000000000000000e+03 5.980000000000000000e+03
4.600000000000000000e+03 5.980000000000000000e+03
4.625000000000000000e+03 5.980000000000000000e+03
4.650000000000000000e+03 5.980000000000000000e+03
4.675000000000000000e+03 5.980000000000000000e+03
4.700000000000000000e+03 5.980000000000000000e+03
4.725000000000000000e+03 5.980000000000000000e+03
4.750000000000000000e+03 5.980000000000000000e+03
4.775000000000000000e+03 5.980000000000000000e+03
4.800000000000000000e+03 5.980000000000000000e+03
4.825000000000000000e+03 5.980000000000000000e+03
4.850000000000000000e+03 5.980000000000000000e+03
4.875000000000000000e+03 5.980000000000000000e+03
4.900000000000000000e+03 5.980000000000000000e+03
4.925000000000000000e+03 5.980000000000000000e+03
4.950000000000000000e+03 5.980000000000000000e+03
4.975000000000000000e+03 5.980000000000000000e+03
5.000000000000000000e+03 5.980000000000000000e+03
5.025000000000000000e+03 5.980000000000000000e+03
5.050000000000000000e+03 5.980000000000000000e+03
5.075000000000000000e+03 5.980000000000000000e+03
5.100000000000000000e+03 5.980000000000000000e+03
5.125000000000000000e+03 5.980000000000000000e+03
5.150000000000000000e+03 5.980000000000000000e+03
5.175000000000000000e+03 5.980000000000000000e+03
5.200000000000000000e+03 5.980000000000000000e+03
5.225000000000000000e+03 5.980000000000000000e+03
5.250000000000000000e+03 5.980000000000000000e+03
5.275000000000000000e+03 5.980000000000000000e+03
5.300000000000000000e+03 5.980000000000000000e+03
5.325000000000000000e+03 5.980000000000000000e+03
5.350000000000000000e+03 5.980000000000000000e+03
5.375000000000000000e+03 5.980000000000000000e+03
5.400000000000000000e+03 5.980000000000000000e+03
5.425000000000000000e+03 5.980000000000000000e+03
5.450000000000000000e+03 5.980000000000000000e+03
5.475000000000000000e+03 5.980000000000000000e+03
5.500000000000000000e+03 5.980000000000000000e+03
5.525000000000000000e+03 5.980000000000000000e+03
5.550000000000000000e+03 5.980000000000000000e+03
5.575000000000000000e+03 5.980000000000000000e+03
5.600000000000000000e+03 5.980000000000000000e+03
5.625000000000000000e+03 5.980000000000000000e+03
5.650000000000000000e+03 5.980000000000000000e+03
5.675000000000000000e+03 5.980000000000000000e+03
5.700000000000000000e+03 5.980000000000000000e+03
5.725000000000000000e+03 5.980000000000000000e+03
5.750000000000000000e+03 5.980000000000000000e+03
5.775000000000000000e+03 5.980000000000000000e+03
5.800000000000000000e+03 5.980000000000000000e+03
5.825000000000000000e+03 5.980000000000000000e+03
5.850000000000000000e+03 5.980000000000000000e+03
5.875000000000000000e+03 5.980000000000000000e+03
5.900000000000000000e+03 5.980000000000000000e+03
5.925000000000000000e+03 5.980000000000000000e+03
5.950000000000000000e+03 5.980000000000000000e+03
5.975000000000000000e+03 5.980000000000000000e+03
6.000000000000000000e+03 5.980000000000000000e+03
6.025000000000000000e+03 5.980000000000000000e+03
6.050000000000000000e+03 5.980000000000000000e+03
6.075000000000000000e+03 5.980000000000000000e+03
6.100000000000000000e+03 5.980000000000000000e+03
6.125000000000000000e+03 5.980000000000000000e+03
6.150000000000000000e+03 5.980000000000000000e+03
6.175000000000000000e+03 5.980000000000000000e+03
6.200000000000000000e+03 5.980000000000000000e+03
6.225000000000000000e+03 5.980000000000000000e+03
6.250000000000000000e+03 5.980000000000000000e+03
6.275000000000000000e+03 5.980000000000000000e+03
6.300000000000000000e+03 5.980000000000000000e+03
6.325000000000000000e+03 5.980000000000000000e+03
6.350000000000000000e+03 5.980000000000000000e+03
6.375000000000000000e+03 5.980000000000000000e+03
6.400000000000000000e+03 5.980000000000000000e+03
6.425000000000000000e+03 5.980000000000000000e+03
6.450000000000000000e+03 5.980000000000000000e+03
6.475000000000000000e+03 5.980000000000000000e+03
6.500000000000000000e+03 5.980000000000000000e+03
6.525000000000000000e+03 5.980000000000000000e+03
6.550000000000000000e+03 5.980000000000000000e+03
6.575000000000000000e+03 5.980000000000000000e+03
6.600000000000000000e+03 5.980000000000000000e+03
6.625000000000000000e+03 5.980000000000000000e+03
6.650000000000000000e+03 5.980000000000000000e+03
6.675000000000000000e+03 5.980000000000000000e+03
6.700000000000000000e+03 5.980000000000000000e+03
6.725000000000000000e+03 5.980000000000000000e+03
6.750000000000000000e+03 5.980000000000000000e+03
6.775000000000000000e+03 5.980000000000000000e+03
6.800000000000000000e+03 5.980000000000000000e+03
6.825000000000000000e+03 5.980000000000000000e+03
6.850000000000000000e+03 5.980000000000000000e+03
6.875000000000000000e+03 5.980000000000000000e+03
6.900000000000000000e+03 5.980000000000000000e+03
6.925000000000000000e+03 5.980000000000000000e+03
6.950000000000000000e+03 5.980000000000000000e+03
6.975000000000000000e+03 5.980000000000000000e+03
7.000000000000000000e+03 5.980000000000000000e+03
7.025000000000000000e+03 5.980000000000000000e+03
7.050000000000000000e+03 5.980000000000000000e+03
7.075000000000000000e+03 5.980000000000000000e+03
7.100000000000000000e+03 5.980000000000000000e+03
7.125000000000000000e+03 5.980000000000000000e+03
7.150000000000000000e+03 5.980000000000000000e+03
7.175000000000000000e+03 5.980000000000000000e+03
7.200000000000000000e+03 5.980000000000000000e+03
7.225000000000000000e+03 5.980000000000000000e+03
7.250000000000000000e+03 5.980000000000000000e+03
7.275000000000000000e+03 5.980000000000000000e+03
7.300000000000000000e+03 5.980000000000000000e+03
7.325000000000000000e+03 5.980000000000000000e+03
7.350000000000000000e+03 5.980000000000000000e+03
7.375000000000000000e+03 5.980000000000000000e+03
7.400000000000000000e+03 5.980000000000000000e+03
7.425000000000000000e+03 5.980000000000000000e+03
7.450000000000000000e+03 5.980000000000000000e+03
7.475000000000000000e+03 5.980000000000000000e+03
7.500000000000000000e+03 5.980000000000000000e+03
7.525000000000000000e+03 5.980000000000000000e+03
7.550000000000000000e+03 5.980000000000000000e+03
7.575000000000000000e+03 5.980000000000000000e+03
7.600000000000000000e+03 5.980000000000000000e+03
7.625000000000000000e+03 5.980000000000000000e+03
7.650000000000000000e+03 5.980000000000000000e+03
7.675000000000000000e+03 5.980000000000000000e+03
7.700000000000000000e+03 5.980000000000000000e+03
7.725000000000000000e+03 5.980000000000000000e+03
7.750000000000000000e+03 5.980000000000000000e+03
7.775000000000000000e+03 5.980000000000000000e+03
7.800000000000000000e+03 5.980000000000000000e+03
7.825000000000000000e+03 5.980000000000000000e+03
7.850000000000000000e+03 5.980000000000000000e+03
7.875000000000000000e+03 5.980000000000000000e+03
7.900000000000000000e+03 5.980000000000000000e+03
7.925000000000000000e+03 5.980000000000000000e+03
7.950000000000000000e+03 5.980000000000000000e+03
7.975000000000000000e+03 5.980000000000000000e+03
8.000000000000000000e+03 5.980000000000000000e+03
8.025000000000000000e+03 5.980000000000000000e+03
8.050000000000000000e+03 5.980000000000000000e+03
8.075000000000000000e+03 5.980000000000000000e+03
8.100000000000000000e+03 5.980000000000000000e+03
8.125000000000000000e+03 5.980000000000000000e+03
8.150000000000000000e+03 5.980000000000000000e+03
8.175000000000000000e+03 5.980000000000000000e+03
8.200000000000000000e+03 5.980000000000000000e+03
8.225000000000000000e+03 5.980000000000000000e+03
8.250000000000000000e+03 5.980000000000000000e+03
8.275000000000000000e+03 5.980000000000000000e+03
8.300000000000000000e+03 5.980000000000000000e+03
8.325000000000000000e+03 5.980000000000000000e+03
8.350000000000000000e+03 5.980000000000000000e+03
8.375000000000000000e+03 5.980000000000000000e+03
8.400000000000000000e+03 5.980000000000000000e+03
8.425000000000000000e+03 5.980000000000000000e+03
8.450000000000000000e+03 5.980000000000000000e+03
8.475000000000000000e+03 5.980000000000000000e+03
8.500000000000000000e+03 5.980000000000000000e+03
8.525000000000000000e+03 5.980000000000000000e+03
8.550000000000000000e+03 5.980000000000000000e+03
8.575000000000000000e+03 5.980000000000000000e+03
8.600000000000000000e+03 5.980000000000000000e+03
8.625000000000000000e+03 5.980000000000000000e+03
8.650000000000000000e+03 5.980000000000000000e+03
8.675000000000000000e+03 5.980000000000000000e+03
8.700000000000000000e+03 5.980000000000000000e+03
8.725000000000000000e+03 5.980000000000000000e+03
8.750000000000000000e+03 5.980000000000000000e+03
8.775000000000000000e+03 5.980000000000000000e+03
8.800000000000000000e+03 5.980000000000000000e+03
8.825000000000000000e+03 5.980000000000000000e+03
8.850000000000000000e+03 5.980000000000000000e+03
8.875000000000000000e+03 5.980000000000000000e+03
8.900000000000000000e+03 5.980000000000000000e+03
8.925000000000000000e+03 5.980000000000000000e+03
8.950000000000000000e+03 5.980000000000000000e+03
8.975000000000000000e+03 5.980000000000000000e+03
9.000000000000000000e+03 5.980000000000000000e+03
9.025000000000000000e+03 5.980000000000000000e+03
9.050000000000000000e+03 5.980000000000000000e+03
9.075000000000000000e+03 5.980000000000000000e+03
9.100000000000000000e+03 5.980000000000000000e+03
9.125000000000000000e+03 5.980000000000000000e+03
9.150000000000000000e+03 5.980000000000000000e+03
9.175000000000000000e+03 5.980000000000000000e+03
9.200000000000000000e+03 5.980000000000000000e+03
9.225000000000000000e+03 5.980000000000000000e+03
9.250000000000000000e+03 5.980000000000000000e+03
9.275000000000000000e+03 5.980000000000000000e+03
9.300000000000000000e+03 5.980000000000000000e+03
9.325000000000000000e+03 5.980000000000000000e+03
9.350000000000000000e+03 5.980000000000000000e+03
9.375000000000000000e+03 5.980000000000000000e+03
9.400000000000000000e+03 5.980000000000000000e+03
9.425000000000000000e+03 5.980000000000000000e+03
9.450000000000000000e+03 5.980000000000000000e+03
9.475000000000000000e+03 5.980000000000000000e+03
9.500000000000000000e+03 5.980000000000000000e+03
9.525000000000000000e+03 5.980000000000000000e+03
9.550000000000000000e+03 5.980000000000000000e+03
9.575000000000000000e+03 5.980000000000000000e+03
9.600000000000000000e+03 5.980000000000000000e+03
9.625000000000000000e+03 5.980000000000000000e+03
9.650000000000000000e+03 5.980000000000000000e+03
9.675000000000000000e+03 5.980000000000000000e+03
9.700000000000000000e+03 5.980000000000000000e+03
9.725000000000000000e+03 5.980000000000000000e+03
9.750000000000000000e+03 5.980000000000000000e+03
9.775000000000000000e+03 5.980000000000000000e+03
9.800000000000000000e+03 5.980000000000000000e+03
9.825000000000000000e+03 5.980000000000000000e+03
9.850000000000000000e+03 5.980000000000000000e+03
9.875000000000000000e+03 5.980000000000000000e+03
9.900000000000000000e+03 5.980000000000000000e+03
9.925000000000000000e+03 5.980000000000000000e+03
9.950000000000000000e+03 5.980000000000000000e+03
9.975000000000000000e+03 5.980000000000000000e+03
1.000000000000000000e+04 5.980000000000000000e+03
1.002500000000000000e+04 5.980000000000000000e+03
1.005000000000000000e+04 5.980000000000000000e+03
1.007500000000000000e+04 5.980000000000000000e+03
1.010000000000000000e+04 5.980000000000000000e+03
1.012500000000000000e+04 5.980000000000000000e+03
1.015000000000000000e+04 5.980000000000000000e+03
1.017500000000000000e+04 5.980000000000000000e+03
1.020000000000000000e+04 5.980000000000000000e+03
1.022500000000000000e+04 5.980000000000000000e+03
1.025000000000000000e+04 5.980000000000000000e+03
1.027500000000000000e+04 5.980000000000000000e+03
1.030000000000000000e+04 5.980000000000000000e+03
1.032500000000000000e+04 5.980000000000000000e+03
1.035000000000000000e+04 5.980000000000000000e+03
1.037500000000000000e+04 5.980000000000000000e+03
1.040000000000000000e+04 5.980000000000000000e+03
1.042500000000000000e+04 5.980000000000000000e+03
1.045000000000000000e+04 5.980000000000000000e+03
1.047500000000000000e+04 5.980000000000000000e+03
1.050000000000000000e+04 5.980000000000000000e+03
1.052500000000000000e+04 5.980000000000000000e+03
1.055000000000000000e+04 5.980000000000000000e+03
1.057500000000000000e+04 5.980000000000000000e+03
1.060000000000000000e+04 5.980000000000000000e+03
1.062500000000000000e+04 5.980000000000000000e+03
1.065000000000000000e+04 5.980000000000000000e+03
1.067500000000000000e+04 5.980000000000000000e+03
1.070000000000000000e+04 5.980000000000000000e+03
1.072500000000000000e+04 5.980000000000000000e+03
1.075000000000000000e+04 5.980000000000000000e+03
1.077500000000000000e+04 5.980000000000000000e+03
1.080000000000000000e+04 5.980000000000000000e+03
1.082500000000000000e+04 5.980000000000000000e+03
1.085000000000000000e+04 5.980000000000000000e+03
1.087500000000000000e+04 5.980000000000000000e+03
1.090000000000000000e+04 5.980000000000000000e+03
1.092500000000000000e+04 5.980000000000000000e+03
1.095000000000000000e+04 5.980000000000000000e+03
1.097500000000000000e+04 5.980000000000000000e+03
1.100000000000000000e+04 5.980000000000000000e+03
1.102500000000000000e+04 5.980000000000000000e+03
1.105000000000000000e+04 5.980000000000000000e+03
1.107500000000000000e+04 5.980000000000000000e+03
1.110000000000000000e+04 5.980000000000000000e+03
1.112500000000000000e+04 5.980000000000000000e+03
1.115000000000000000e+04 5.980000000000000000e+03
1.117500000000000000e+04 5.980000000000000000e+03
1.120000000000000000e+04 5.980000000000000000e+03
1.122500000000000000e+04 5.980000000000000000e+03
1.125000000000000000e+04 5.980000000000000000e+03
1.127500000000000000e+04 5.980000000000000000e+03
1.130000000000000000e+04 5.980000000000000000e+03
1.132500000000000000e+04 5.980000000000000000e+03
1.135000000000000000e+04 5.980000000000000000e+03
1.137500000000000000e+04 5.980000000000000000e+03
1.140000000000000000e+04 5.980000000000000000e+03
1.142500000000000000e+04 5.980000000000000000e+03
1.145000000000000000e+04 5.980000000000000000e+03
1.147500000000000000e+04 5.980000000000000000e+03
1.150000000000000000e+04 5.980000000000000000e+03
1.152500000000000000e+04 5.980000000000000000e+03
1.155000000000000000e+04 5.980000000000000000e+03
1.157500000000000000e+04 5.980000000000000000e+03
1.160000000000000000e+04 5.980000000000000000e+03
1.162500000000000000e+04 5.980000000000000000e+03
1.165000000000000000e+04 5.980000000000000000e+03
1.167500000000000000e+04 5.980000000000000000e+03
1.170000000000000000e+04 5.980000000000000000e+03
1.172500000000000000e+04 5.980000000000000000e+03
1.175000000000000000e+04 5.980000000000000000e+03
1.177500000000000000e+04 5.980000000000000000e+03
1.180000000000000000e+04 5.980000000000000000e+03
1.182500000000000000e+04 5.980000000000000000e+03
1.185000000000000000e+04 5.980000000000000000e+03
1.187500000000000000e+04 5.980000000000000000e+03
1.190000000000000000e+04 5.980000000000000000e+03
1.192500000000000000e+04 5.980000000000000000e+03
1.195000000000000000e+04 5.980000000000000000e+03
1.197500000000000000e+04 5.980000000000000000e+03
1.200000000000000000e+04 5.980000000000000000e+03
1.202500000000000000e+04 5.980000000000000000e+03
1.205000000000000000e+04 5.980000000000000000e+03
1.207500000000000000e+04 5.980000000000000000e+03
1.210000000000000000e+04 5.980000000000000000e+03
1.212500000000000000e+04 5.980000000000000000e+03
1.215000000000000000e+04 5.980000000000000000e+03
1.217500000000000000e+04 5.980000000000000000e+03
1.220000000000000000e+04 5.980000000000000000e+03
1.222500000000000000e+04 5.980000000000000000e+03
1.225000000000000000e+04 5.980000000000000000e+03
1.227500000000000000e+04 5.980000000000000000e+03
1.230000000000000000e+04 5.980000000000000000e+03
1.232500000000000000e+04 5.980000000000000000e+03
1.235000000000000000e+04 5.980000000000000000e+03
1.237500000000000000e+04 5.980000000000000000e+03
1.240000000000000000e+04 5.980000000000000000e+03
1.242500000000000000e+04 5.980000000000000000e+03
1.245000000000000000e+04 5.980000000000000000e+03
1.247500000000000000e+04 5.980000000000000000e+03
1.250000000000000000e+04 5.980000000000000000e+03
1.252500000000000000e+04 5.980000000000000000e+03
1.255000000000000000e+04 5.980000000000000000e+03
1.257500000000000000e+04 5.980000000000000000e+03
1.260000000000000000e+04 5.980000000000000000e+03
1.262500000000000000e+04 5.980000000000000000e+03
1.265000000000000000e+04 5.980000000000000000e+03
1.267500000000000000e+04 5.980000000000000000e+03
1.270000000000000000e+04 5.980000000000000000e+03
1.272500000000000000e+04 5.980000000000000000e+03
1.275000000000000000e+04 5.980000000000000000e+03
1.277500000000000000e+04 5.980000000000000000e+03
1.280000000000000000e+04 5.980000000000000000e+03
1.282500000000000000e+04 5.980000000000000000e+03
1.285000000000000000e+04 5.980000000000000000e+03
1.287500000000000000e+04 5.980000000000000000e+03
1.290000000000000000e+04 5.980000000000000000e+03
1.292500000000000000e+04 5.980000000000000000e+03
1.295000000000000000e+04 5.980000000000000000e+03
1.297500000000000000e+04 5.980000000000000000e+03
1.300000000000000000e+04 5.980000000000000000e+03
1.302500000000000000e+04 5.980000000000000000e+03
1.305000000000000000e+04 5.980000000000000000e+03
1.307500000000000000e+04 5.980000000000000000e+03
1.310000000000000000e+04 5.980000000000000000e+03
1.312500000000000000e+04 5.980000000000000000e+03
1.315000000000000000e+04 5.980000000000000000e+03
1.317500000000000000e+04 5.980000000000000000e+03
1.320000000000000000e+04 5.980000000000000000e+03
1.322500000000000000e+04 5.980000000000000000e+03
1.325000000000000000e+04 5.980000000000000000e+03
1.327500000000000000e+04 5.980000000000000000e+03
1.330000000000000000e+04 5.980000000000000000e+03
1.332500000000000000e+04 5.980000000000000000e+03
1.335000000000000000e+04 5.980000000000000000e+03
1.337500000000000000e+04 5.980000000000000000e+03
1.340000000000000000e+04 5.980000000000000000e+03
1.342500000000000000e+04 5.980000000000000000e+03
1.345000000000000000e+04 5.980000000000000000e+03
1.347500000000000000e+04 5.980000000000000000e+03
1.350000000000000000e+04 5.980000000000000000e+03
1.352500000000000000e+04 5.980000000000000000e+03
1.355000000000000000e+04 5.980000000000000000e+03
1.357500000000000000e+04 5.980000000000000000e+03
1.360000000000000000e+04 5.980000000000000000e+03
1.362500000000000000e+04 5.980000000000000000e+03
1.365000000000000000e+04 5.980000000000000000e+03
1.367500000000000000e+04 5.980000000000000000e+03
1.370000000000000000e+04 5.980000000000000000e+03
1.372500000000000000e+04 5.980000000000000000e+03
1.375000000000000000e+04 5.980000000000000000e+03
1.377500000000000000e+04 5.980000000000000000e+03
1.380000000000000000e+04 5.980000000000000000e+03
1.382500000000000000e+04 5.980000000000000000e+03
1.385000000000000000e+04 5.980000000000000000e+03
1.387500000000000000e+04 5.980000000000000000e+03
1.390000000000000000e+04 5.980000000000000000e+03
1.392500000000000000e+04 5.980000000000000000e+03
1.395000000000000000e+04 5.980000000000000000e+03
1.397500000000000000e+04 5.980000000000000000e+03
1.400000000000000000e+04 5.980000000000000000e+03
1.402500000000000000e+04 5.980000000000000000e+03
1.405000000000000000e+04 5.980000000000000000e+03
1.407500000000000000e+04 5.980000000000000000e+03
1.410000000000000000e+04 5.980000000000000000e+03
1.412500000000000000e+04 5.980000000000000000e+03
1.415000000000000000e+04 5.980000000000000000e+03
1.417500000000000000e+04 5.980000000000000000e+03
1.420000000000000000e+04 5.980000000000000000e+03
1.422500000000000000e+04 5.980000000000000000e+03
1.425000000000000000e+04 5.980000000000000000e+03
1.427500000000000000e+04 5.980000000000000000e+03
1.430000000000000000e+04 5.980000000000000000e+03
1.432500000000000000e+04 5.980000000000000000e+03
1.435000000000000000e+04 5.980000000000000000e+03
1.437500000000000000e+04 5.980000000000000000e+03
1.440000000000000000e+04 5.980000000000000000e+03
1.442500000000000000e+04 5.980000000000000000e+03
1.445000000000000000e+04 5.980000000000000000e+03
1.447500000000000000e+04 5.980000000000000000e+03
1.450000000000000000e+04 5.980000000000000000e+03
1.452500000000000000e+04 5.980000000000000000e+03
1.455000000000000000e+04 5.980000000000000000e+03
1.457500000000000000e+04 5.980000000000000000e+03
1.460000000000000000e+04 5.980000000000000000e+03
1.462500000000000000e+04 5.980000000000000000e+03
1.465000000000000000e+04 5.980000000000000000e+03
1.467500000000000000e+04 5.980000000000000000e+03
1.470000000000000000e+04 5.980000000000000000e+03
1.472500000000000000e+04 5.980000000000000000e+03
1.475000000000000000e+04 5.980000000000000000e+03
1.477500000000000000e+04 5.980000000000000000e+03
1.480000000000000000e+04 5.980000000000000000e+03
1.482500000000000000e+04 5.980000000000000000e+03
1.485000000000000000e+04 5.980000000000000000e+03
1.487500000000000000e+04 5.980000000000000000e+03
1.490000000000000000e+04 5.980000000000000000e+03
1.492500000000000000e+04 5.980000000000000000e+03
1.495000000000000000e+04 5.980000000000000000e+03
1.497500000000000000e+04 5.980000000000000000e+03
1.500000000000000000e+04 5.980000000000000000e+03
1.502500000000000000e+04 5.980000000000000000e+03
1.505000000000000000e+04 5.980000000000000000e+03
1.507500000000000000e+04 5.980000000000000000e+03
1.510000000000000000e+04 5.980000000000000000e+03
1.512500000000000000e+04 5.980000000000000000e+03
1.515000000000000000e+04 5.980000000000000000e+03
1.517500000000000000e+04 5.980000000000000000e+03
1.520000000000000000e+04 5.980000000000000000e+03
1.522500000000000000e+04 5.980000000000000000e+03
1.525000000000000000e+04 5.980000000000000000e+03
1.527500000000000000e+04 5.980000000000000000e+03
1.530000000000000000e+04 5.980000000000000000e+03
1.532500000000000000e+04 5.980000000000000000e+03
1.535000000000000000e+04 5.980000000000000000e+03
1.537500000000000000e+04 5.980000000000000000e+03
1.540000000000000000e+04 5.980000000000000000e+03
1.542500000000000000e+04 5.980000000000000000e+03
1.545000000000000000e+04 5.980000000000000000e+03
1.547500000000000000e+04 5.980000000000000000e+03
1.550000000000000000e+04 5.980000000000000000e+03
1.552500000000000000e+04 5.980000000000000000e+03
1.555000000000000000e+04 5.980000000000000000e+03
1.557500000000000000e+04 5.980000000000000000e+03
1.560000000000000000e+04 5.980000000000000000e+03
1.562500000000000000e+04 5.980000000000000000e+03
1.565000000000000000e+04 5.980000000000000000e+03
1.567500000000000000e+04 5.980000000000000000e+03
1.570000000000000000e+04 5.980000000000000000e+03
1.572500000000000000e+04 5.980000000000000000e+03
1.575000000000000000e+04 5.980000000000000000e+03
1.577500000000000000e+04 5.980000000000000000e+03
1.580000000000000000e+04 5.980000000000000000e+03
1.582500000000000000e+04 5.980000000000000000e+03
1.585000000000000000e+04 5.980000000000000000e+03
1.587500000000000000e+04 5.980000000000000000e+03
1.590000000000000000e+04 5.980000000000000000e+03
1.592500000000000000e+04 5.980000000000000000e+03
1.595000000000000000e+04 5.980000000000000000e+03
1.597500000000000000e+04 5.980000000000000000e+03
1.600000000000000000e+04 5.980000000000000000e+03
1.602500000000000000e+04 5.980000000000000000e+03
1.605000000000000000e+04 5.980000000000000000e+03
1.607500000000000000e+04 5.980000000000000000e+03
1.610000000000000000e+04 5.980000000000000000e+03
1.612500000000000000e+04 5.980000000000000000e+03
1.615000000000000000e+04 5.980000000000000000e+03
1.617500000000000000e+04 5.980000000000000000e+03
1.620000000000000000e+04 5.980000000000000000e+03
1.622500000000000000e+04 5.980000000000000000e+03
1.625000000000000000e+04 5.980000000000000000e+03
1.627500000000000000e+04 5.980000000000000000e+03
1.630000000000000000e+04 5.980000000000000000e+03
1.632500000000000000e+04 5.980000000000000000e+03
1.635000000000000000e+04 5.980000000000000000e+03
1.637500000000000000e+04 5.980000000000000000e+03
1.640000000000000000e+04 5.980000000000000000e+03
1.642500000000000000e+04 5.980000000000000000e+03
1.645000000000000000e+04 5.980000000000000000e+03
1.647500000000000000e+04 5.980000000000000000e+03
1.650000000000000000e+04 5.980000000000000000e+03
1.652500000000000000e+04 5.980000000000000000e+03
1.655000000000000000e+04 5.980000000000000000e+03
1.657500000000000000e+04 5.980000000000000000e+03
1.660000000000000000e+04 5.980000000000000000e+03
1.662500000000000000e+04 5.980000000000000000e+03
1.665000000000000000e+04 5.980000000000000000e+03
1.667500000000000000e+04 5.980000000000000000e+03
1.670000000000000000e+04 5.980000000000000000e+03
1.672500000000000000e+04 5.980000000000000000e+03
1.675000000000000000e+04 5.980000000000000000e+03
1.677500000000000000e+04 5.980000000000000000e+03
1.680000000000000000e+04 5.980000000000000000e+03
1.682500000000000000e+04 5.980000000000000000e+03
1.685000000000000000e+04 5.980000000000000000e+03
1.687500000000000000e+04 5.980000000000000000e+03
1.690000000000000000e+04 5.980000000000000000e+03
1.692500000000000000e+04 5.980000000000000000e+03
1.695000000000000000e+04 5.980000000000000000e+03
1.697500000000000000e+04 5.980000000000000000e+03
1.700000000000000000e+04 5.980000000000000000e+03
1.702500000000000000e+04 5.980000000000000000e+03
1.705000000000000000e+04 5.980000000000000000e+03
1.707500000000000000e+04 5.980000000000000000e+03
1.710000000000000000e+04 5.980000000000000000e+03
1.712500000000000000e+04 5.980000000000000000e+03
1.715000000000000000e+04 5.980000000000000000e+03
1.717500000000000000e+04 5.980000000000000000e+03
1.720000000000000000e+04 5.980000000000000000e+03
1.722500000000000000e+04 5.980000000000000000e+03
1.725000000000000000e+04 5.980000000000000000e+03
1.727500000000000000e+04 5.980000000000000000e+03
1.730000000000000000e+04 5.980000000000000000e+03
1.732500000000000000e+04 5.980000000000000000e+03
1.735000000000000000e+04 5.980000000000000000e+03
1.737500000000000000e+04 5.980000000000000000e+03
1.740000000000000000e+04 5.980000000000000000e+03
1.742500000000000000e+04 5.980000000000000000e+03
1.745000000000000000e+04 5.980000000000000000e+03
1.747500000000000000e+04 5.980000000000000000e+03
1.750000000000000000e+04 5.980000000000000000e+03
1.752500000000000000e+04 5.980000000000000000e+03
1.755000000000000000e+04 5.980000000000000000e+03
1.757500000000000000e+04 5.980000000000000000e+03
1.760000000000000000e+04 5.980000000000000000e+03
1.762500000000000000e+04 5.980000000000000000e+03
1.765000000000000000e+04 5.980000000000000000e+03
1.767500000000000000e+04 5.980000000000000000e+03
1.770000000000000000e+04 5.980000000000000000e+03
1.772500000000000000e+04 5.980000000000000000e+03
1.775000000000000000e+04 5.980000000000000000e+03
1.777500000000000000e+04 5.980000000000000000e+03
1.780000000000000000e+04 5.980000000000000000e+03
1.782500000000000000e+04 5.980000000000000000e+03
1.785000000000000000e+04 5.980000000000000000e+03
1.787500000000000000e+04 5.980000000000000000e+03
1.790000000000000000e+04 5.980000000000000000e+03
1.792500000000000000e+04 5.980000000000000000e+03
1.795000000000000000e+04 5.980000000000000000e+03
1.797500000000000000e+04 5.980000000000000000e+03
1.800000000000000000e+04 5.980000000000000000e+03
1.802500000000000000e+04 5.980000000000000000e+03
1.805000000000000000e+04 5.980000000000000000e+03
1.807500000000000000e+04 5.980000000000000000e+03
1.810000000000000000e+04 5.980000000000000000e+03
1.812500000000000000e+04 5.980000000000000000e+03
1.815000000000000000e+04 5.980000000000000000e+03
1.817500000000000000e+04 5.980000000000000000e+03
1.820000000000000000e+04 5.980000000000000000e+03
1.822500000000000000e+04 5.980000000000000000e+03
1.825000000000000000e+04 5.980000000000000000e+03
1.827500000000000000e+04 5.980000000000000000e+03
1.830000000000000000e+04 5.980000000000000000e+03
1.832500000000000000e+04 5.980000000000000000e+03
1.835000000000000000e+04 5.980000000000000000e+03
1.837500000000000000e+04 5.980000000000000000e+03
1.840000000000000000e+04 5.980000000000000000e+03
1.842500000000000000e+04 5.980000000000000000e+03
1.845000000000000000e+04 5.980000000000000000e+03
1.847500000000000000e+04 5.980000000000000000e+03
1.850000000000000000e+04 5.980000000000000000e+03
1.852500000000000000e+04 5.980000000000000000e+03
1.855000000000000000e+04 5.980000000000000000e+03
1.857500000000000000e+04 5.980000000000000000e+03
1.860000000000000000e+04 5.980000000000000000e+03
1.862500000000000000e+04 5.980000000000000000e+03
1.865000000000000000e+04 5.980000000000000000e+03
1.867500000000000000e+04 5.980000000000000000e+03
1.870000000000000000e+04 5.980000000000000000e+03
1.872500000000000000e+04 5.980000000000000000e+03
1.875000000000000000e+04 5.980000000000000000e+03
1.877500000000000000e+04 5.980000000000000000e+03
1.880000000000000000e+04 5.980000000000000000e+03
1.882500000000000000e+04 5.980000000000000000e+03
1.885000000000000000e+04 5.980000000000000000e+03
1.887500000000000000e+04 5.980000000000000000e+03
1.890000000000000000e+04 5.980000000000000000e+03
1.892500000000000000e+04 5.980000000000000000e+03
1.895000000000000000e+04 5.980000000000000000e+03
1.897500000000000000e+04 5.980000000000000000e+03
1.900000000000000000e+04 5.980000000000000000e+03
1.902500000000000000e+04 5.980000000000000000e+03
1.905000000000000000e+04 5.980000000000000000e+03
1.907500000000000000e+04 5.980000000000000000e+03
1.910000000000000000e+04 5.980000000000000000e+03
1.912500000000000000e+04 5.980000000000000000e+03
1.915000000000000000e+04 5.980000000000000000e+03
1.917500000000000000e+04 5.980000000000000000e+03
1.920000000000000000e+04 5.980000000000000000e+03
1.922500000000000000e+04 5.980000000000000000e+03
1.925000000000000000e+04 5.980000000000000000e+03
1.927500000000000000e+04 5.980000000000000000e+03
1.930000000000000000e+04 5.980000000000000000e+03
1.932500000000000000e+04 5.980000000000000000e+03
1.935000000000000000e+04 5.980000000000000000e+03
1.937500000000000000e+04 5.980000000000000000e+03
1.940000000000000000e+04 5.980000000000000000e+03
1.942500000000000000e+04 5.980000000000000000e+03
1.945000000000000000e+04 5.980000000000000000e+03
1.947500000000000000e+04 5.980000000000000000e+03
1.950000000000000000e+04 5.980000000000000000e+03
1.952500000000000000e+04 5.980000000000000000e+03
1.955000000000000000e+04 5.980000000000000000e+03
1.957500000000000000e+04 5.980000000000000000e+03
1.960000000000000000e+04 5.980000000000000000e+03
1.962500000000000000e+04 5.980000000000000000e+03
1.965000000000000000e+04 5.980000000000000000e+03
1.967500000000000000e+04 5.980000000000000000e+03
1.970000000000000000e+04 5.980000000000000000e+03
1.972500000000000000e+04 5.980000000000000000e+03
1.975000000000000000e+04 5.980000000000000000e+03
1.977500000000000000e+04 5.980000000000000000e+03
1.980000000000000000e+04 5.980000000000000000e+03
1.982500000000000000e+04 5.980000000000000000e+03
1.985000000000000000e+04 5.980000000000000000e+03
1.987500000000000000e+04 5.980000000000000000e+03
1.990000000000000000e+04 5.980000000000000000e+03
1.992500000000000000e+04 5.980000000000000000e+03
1.995000000000000000e+04 5.980000000000000000e+03
1.997500000000000000e+04 5.980000000000000000e+03
2.000000000000000000e+04 5.980000000000000000e+03
2.002500000000000000e+04 5.980000000000000000e+03
2.005000000000000000e+04 5.980000000000000000e+03
2.007500000000000000e+04 5.980000000000000000e+03
2.010000000000000000e+04 5.980000000000000000e+03
2.012500000000000000e+04 5.980000000000000000e+03
2.015000000000000000e+04 5.980000000000000000e+03
2.017500000000000000e+04 5.980000000000000000e+03
2.020000000000000000e+04 5.980000000000000000e+03
2.022500000000000000e+04 5.980000000000000000e+03
2.025000000000000000e+04 5.980000000000000000e+03
2.027500000000000000e+04 5.980000000000000000e+03
2.030000000000000000e+04 5.980000000000000000e+03
2.032500000000000000e+04 5.980000000000000000e+03
2.035000000000000000e+04 5.980000000000000000e+03
2.037500000000000000e+04 5.980000000000000000e+03
2.040000000000000000e+04 5.980000000000000000e+03
2.042500000000000000e+04 5.980000000000000000e+03
2.045000000000000000e+04 5.980000000000000000e+03
2.047500000000000000e+04 5.980000000000000000e+03
2.050000000000000000e+04 5.980000000000000000e+03
2.052500000000000000e+04 5.980000000000000000e+03
2.055000000000000000e+04 5.980000000000000000e+03
2.057500000000000000e+04 5.980000000000000000e+03
2.060000000000000000e+04 5.980000000000000000e+03
2.062500000000000000e+04 5.980000000000000000e+03
2.065000000000000000e+04 5.980000000000000000e+03
2.067500000000000000e+04 5.980000000000000000e+03
2.070000000000000000e+04 5.980000000000000000e+03
2.072500000000000000e+04 5.980000000000000000e+03
2.075000000000000000e+04 5.980000000000000000e+03
2.077500000000000000e+04 5.980000000000000000e+03
2.080000000000000000e+04 5.980000000000000000e+03
2.082500000000000000e+04 5.980000000000000000e+03
2.085000000000000000e+04 5.980000000000000000e+03
2.087500000000000000e+04 5.980000000000000000e+03
2.090000000000000000e+04 5.980000000000000000e+03
2.092500000000000000e+04 5.980000000000000000e+03
2.095000000000000000e+04 5.980000000000000000e+03
2.097500000000000000e+04 5.980000000000000000e+03
2.100000000000000000e+04 5.980000000000000000e+03
2.102500000000000000e+04 5.980000000000000000e+03
2.105000000000000000e+04 5.980000000000000000e+03
2.107500000000000000e+04 5.980000000000000000e+03
2.110000000000000000e+04 5.980000000000000000e+03
2.112500000000000000e+04 5.980000000000000000e+03
2.115000000000000000e+04 5.980000000000000000e+03
2.117500000000000000e+04 5.980000000000000000e+03
2.120000000000000000e+04 5.980000000000000000e+03
2.122500000000000000e+04 5.980000000000000000e+03
2.125000000000000000e+04 5.980000000000000000e+03
2.127500000000000000e+04 5.980000000000000000e+03
2.130000000000000000e+04 5.980000000000000000e+03
2.132500000000000000e+04 5.980000000000000000e+03
2.135000000000000000e+04 5.980000000000000000e+03
2.137500000000000000e+04 5.980000000000000000e+03
2.140000000000000000e+04 5.980000000000000000e+03
2.142500000000000000e+04 5.980000000000000000e+03
2.145000000000000000e+04 5.980000000000000000e+03
2.147500000000000000e+04 5.980000000000000000e+03
2.150000000000000000e+04 5.980000000000000000e+03
2.152500000000000000e+04 5.980000000000000000e+03
2.155000000000000000e+04 5.980000000000000000e+03
2.157500000000000000e+04 5.980000000000000000e+03
2.160000000000000000e+04 5.980000000000000000e+03
2.162500000000000000e+04 5.980000000000000000e+03
2.165000000000000000e+04 5.980000000000000000e+03
2.167500000000000000e+04 5.980000000000000000e+03
2.170000000000000000e+04 5.980000000000000000e+03
2.172500000000000000e+04 5.980000000000000000e+03
2.175000000000000000e+04 5.980000000000000000e+03
2.177500000000000000e+04 5.980000000000000000e+03
2.180000000000000000e+04 5.980000000000000000e+03
2.182500000000000000e+04 5.980000000000000000e+03
2.185000000000000000e+04 5.980000000000000000e+03
2.187500000000000000e+04 5.980000000000000000e+03
2.190000000000000000e+04 5.980000000000000000e+03
2.192500000000000000e+04 5.980000000000000000e+03
2.195000000000000000e+04 5.980000000000000000e+03
2.197500000000000000e+04 5.980000000000000000e+03
2.200000000000000000e+04 5.980000000000000000e+03
2.202500000000000000e+04 5.980000000000000000e+03
2.205000000000000000e+04 5.980000000000000000e+03
2.207500000000000000e+04 5.980000000000000000e+03
2.210000000000000000e+04 5.980000000000000000e+03
2.212500000000000000e+04 5.980000000000000000e+03
2.215000000000000000e+04 5.980000000000000000e+03
2.217500000000000000e+04 5.980000000000000000e+03
2.220000000000000000e+04 5.980000000000000000e+03
2.222500000000000000e+04 5.980000000000000000e+03
2.225000000000000000e+04 5.980000000000000000e+03
2.227500000000000000e+04 5.980000000000000000e+03
2.230000000000000000e+04 5.980000000000000000e+03
2.232500000000000000e+04 5.980000000000000000e+03
2.235000000000000000e+04 5.980000000000000000e+03
2.237500000000000000e+04 5.980000000000000000e+03
2.240000000000000000e+04 5.980000000000000000e+03
2.242500000000000000e+04 5.980000000000000000e+03
2.245000000000000000e+04 5.980000000000000000e+03
2.247500000000000000e+04 5.980000000000000000e+03
2.250000000000000000e+04 5.980000000000000000e+03
2.252500000000000000e+04 5.980000000000000000e+03
2.255000000000000000e+04 5.980000000000000000e+03
2.257500000000000000e+04 5.980000000000000000e+03
2.260000000000000000e+04 5.980000000000000000e+03
2.262500000000000000e+04 5.980000000000000000e+03
2.265000000000000000e+04 5.980000000000000000e+03
2.267500000000000000e+04 5.980000000000000000e+03
2.270000000000000000e+04 5.980000000000000000e+03
2.272500000000000000e+04 5.980000000000000000e+03
2.275000000000000000e+04 5.980000000000000000e+03
2.277500000000000000e+04 5.980000000000000000e+03
2.280000000000000000e+04 5.980000000000000000e+03
2.282500000000000000e+04 5.980000000000000000e+03
2.285000000000000000e+04 5.980000000000000000e+03
2.287500000000000000e+04 5.980000000000000000e+03
2.290000000000000000e+04 5.980000000000000000e+03
2.292500000000000000e+04 5.980000000000000000e+03
2.295000000000000000e+04 5.980000000000000000e+03
2.297500000000000000e+04 5.980000000000000000e+03
2.300000000000000000e+04 5.980000000000000000e+03
2.302500000000000000e+04 5.980000000000000000e+03
2.305000000000000000e+04 5.980000000000000000e+03
2.307500000000000000e+04 5.980000000000000000e+03
2.310000000000000000e+04 5.980000000000000000e+03
2.312500000000000000e+04 5.980000000000000000e+03
2.315000000000000000e+04 5.980000000000000000e+03
2.317500000000000000e+04 5.980000000000000000e+03
2.320000000000000000e+04 5.980000000000000000e+03
2.322500000000000000e+04 5.980000000000000000e+03
2.325000000000000000e+04 5.980000000000000000e+03
2.327500000000000000e+04 5.980000000000000000e+03
2.330000000000000000e+04 5.980000000000000000e+03
2.332500000000000000e+04 5.980000000000000000e+03
2.335000000000000000e+04 5.980000000000000000e+03
2.337500000000000000e+04 5.980000000000000000e+03
2.340000000000000000e+04 5.980000000000000000e+03
2.342500000000000000e+04 5.980000000000000000e+03
2.345000000000000000e+04 5.980000000000000000e+03
2.347500000000000000e+04 5.980000000000000000e+03
2.350000000000000000e+04 5.980000000000000000e+03
2.352500000000000000e+04 5.980000000000000000e+03
2.355000000000000000e+04 5.980000000000000000e+03
2.357500000000000000e+04 5.980000000000000000e+03
2.360000000000000000e+04 5.980000000000000000e+03
2.362500000000000000e+04 5.980000000000000000e+03
2.365000000000000000e+04 5.980000000000000000e+03
2.367500000000000000e+04 5.980000000000000000e+03
2.370000000000000000e+04 5.980000000000000000e+03
2.372500000000000000e+04 5.980000000000000000e+03
2.375000000000000000e+04 5.980000000000000000e+03
2.377500000000000000e+04 5.980000000000000000e+03
2.380000000000000000e+04 5.980000000000000000e+03
2.382500000000000000e+04 5.980000000000000000e+03
2.385000000000000000e+04 5.980000000000000000e+03
2.387500000000000000e+04 5.980000000000000000e+03
2.390000000000000000e+04 5.980000000000000000e+03
2.392500000000000000e+04 5.980000000000000000e+03
2.395000000000000000e+04 5.980000000000000000e+03
2.397500000000000000e+04 5.980000000000000000e+03
2.400000000000000000e+04 5.980000000000000000e+03
2.402500000000000000e+04 5.980000000000000000e+03
2.405000000000000000e+04 5.980000000000000000e+03
2.407500000000000000e+04 5.980000000000000000e+03
2.410000000000000000e+04 5.980000000000000000e+03
2.412500000000000000e+04 5.980000000000000000e+03
2.415000000000000000e+04 5.980000000000000000e+03
2.417500000000000000e+04 5.980000000000000000e+03
2.420000000000000000e+04 5.980000000000000000e+03
2.422500000000000000e+04 5.980000000000000000e+03
2.425000000000000000e+04 5.980000000000000000e+03
2.427500000000000000e+04 5.980000000000000000e+03
2.430000000000000000e+04 5.980000000000000000e+03
2.432500000000000000e+04 5.980000000000000000e+03
2.435000000000000000e+04 5.980000000000000000e+03
2.437500000000000000e+04 5.980000000000000000e+03
2.440000000000000000e+04 5.980000000000000000e+03
2.442500000000000000e+04 5.980000000000000000e+03
2.445000000000000000e+04 5.980000000000000000e+03
2.447500000000000000e+04 5.980000000000000000e+03
2.450000000000000000e+04 5.980000000000000000e+03
2.452500000000000000e+04 5.980000000000000000e+03
2.455000000000000000e+04 5.980000000000000000e+03
2.457500000000000000e+04 5.980000000000000000e+03
2.460000000000000000e+04 5.980000000000000000e+03
2.462500000000000000e+04 5.980000000000000000e+03
2.465000000000000000e+04 5.980000000000000000e+03
2.467500000000000000e+04 5.980000000000000000e+03
2.470000000000000000e+04 5.980000000000000000e+03
2.472500000000000000e+04 5.980000000000000000e+03
2.475000000000000000e+04 5.980000000000000000e+03
2.477500000000000000e+04 5.980000000000000000e+03
2.480000000000000000e+04 5.980000000000000000e+03
2.482500000000000000e+04 5.980000000000000000e+03
2.485000000000000000e+04 5.980000000000000000e+03
2.487500000000000000e+04 5.980000000000000000e+03
2.490000000000000000e+04 5.980000000000000000e+03
2.492500000000000000e+04 5.980000000000000000e+03
2.495000000000000000e+04 5.980000000000000000e+03
2.497500000000000000e+04 5.980000000000000000e+03
2.500000000000000000e+04 5.980000000000000000e+03
2.502500000000000000e+04 5.980000000000000000e+03
2.505000000000000000e+04 5.980000000000000000e+03
2.507500000000000000e+04 5.980000000000000000e+03
2.510000000000000000e+04 5.980000000000000000e+03
2.512500000000000000e+04 5.980000000000000000e+03
2.515000000000000000e+04 5.980000000000000000e+03
2.517500000000000000e+04 5.980000000000000000e+03
2.520000000000000000e+04 5.980000000000000000e+03
2.522500000000000000e+04 5.980000000000000000e+03
2.525000000000000000e+04 5.980000000000000000e+03
2.527500000000000000e+04 5.980000000000000000e+03
2.530000000000000000e+04 5.980000000000000000e+03
2.532500000000000000e+04 5.980000000000000000e+03
2.535000000000000000e+04 5.980000000000000000e+03
2.537500000000000000e+04 5.980000000000000000e+03
2.540000000000000000e+04 5.980000000000000000e+03
2.542500000000000000e+04 5.980000000000000000e+03
2.545000000000000000e+04 5.980000000000000000e+03
2.547500000000000000e+04 5.980000000000000000e+03
2.550000000000000000e+04 5.980000000000000000e+03
2.552500000000000000e+04 5.980000000000000000e+03
2.555000000000000000e+04 5.980000000000000000e+03
2.557500000000000000e+04 5.980000000000000000e+03
2.560000000000000000e+04 5.980000000000000000e+03
2.562500000000000000e+04 5.980000000000000000e+03
2.565000000000000000e+04 5.980000000000000000e+03
2.567500000000000000e+04 5.980000000000000000e+03
2.570000000000000000e+04 5.980000000000000000e+03
2.572500000000000000e+04 5.980000000000000000e+03
2.575000000000000000e+04 5.980000000000000000e+03
2.577500000000000000e+04 5.980000000000000000e+03
2.580000000000000000e+04 5.980000000000000000e+03
2.582500000000000000e+04 5.980000000000000000e+03
2.585000000000000000e+04 5.980000000000000000e+03
2.587500000000000000e+04 5.980000000000000000e+03
2.590000000000000000e+04 5.980000000000000000e+03
2.592500000000000000e+04 5.980000000000000000e+03
2.595000000000000000e+04 5.980000000000000000e+03
2.597500000000000000e+04 5.980000000000000000e+03
2.600000000000000000e+04 5.980000000000000000e+03
2.602500000000000000e+04 5.980000000000000000e+03
2.605000000000000000e+04 5.980000000000000000e+03
2.607500000000000000e+04 5.980000000000000000e+03
2.610000000000000000e+04 5.980000000000000000e+03
2.612500000000000000e+04 5.980000000000000000e+03
2.615000000000000000e+04 5.980000000000000000e+03
2.617500000000000000e+04 5.980000000000000000e+03
2.620000000000000000e+04 5.980000000000000000e+03
2.622500000000000000e+04 5.980000000000000000e+03
2.625000000000000000e+04 5.980000000000000000e+03
2.627500000000000000e+04 5.980000000000000000e+03
2.630000000000000000e+04 5.980000000000000000e+03
2.632500000000000000e+04 5.980000000000000000e+03
2.635000000000000000e+04 5.980000000000000000e+03
2.637500000000000000e+04 5.980000000000000000e+03
2.640000000000000000e+04 5.980000000000000000e+03
2.642500000000000000e+04 5.980000000000000000e+03
2.645000000000000000e+04 5.980000000000000000e+03
2.647500000000000000e+04 5.980000000000000000e+03
2.650000000000000000e+04 5.980000000000000000e+03
2.652500000000000000e+04 5.980000000000000000e+03
2.655000000000000000e+04 5.980000000000000000e+03
2.657500000000000000e+04 5.980000000000000000e+03
2.660000000000000000e+04 5.980000000000000000e+03
2.662500000000000000e+04 5.980000000000000000e+03
2.665000000000000000e+04 5.980000000000000000e+03
2.667500000000000000e+04 5.980000000000000000e+03
2.670000000000000000e+04 5.980000000000000000e+03
2.672500000000000000e+04 5.980000000000000000e+03
2.675000000000000000e+04 5.980000000000000000e+03
2.677500000000000000e+04 5.980000000000000000e+03
2.680000000000000000e+04 5.980000000000000000e+03
2.682500000000000000e+04 5.980000000000000000e+03
2.685000000000000000e+04 5.980000000000000000e+03
2.687500000000000000e+04 5.980000000000000000e+03
2.690000000000000000e+04 5.980000000000000000e+03
2.692500000000000000e+04 5.980000000000000000e+03
2.695000000000000000e+04 5.980000000000000000e+03
2.697500000000000000e+04 5.980000000000000000e+03
2.700000000000000000e+04 5.980000000000000000e+03
2.702500000000000000e+04 5.980000000000000000e+03
2.705000000000000000e+04 5.980000000000000000e+03
2.707500000000000000e+04 5.980000000000000000e+03
2.710000000000000000e+04 5.980000000000000000e+03
2.712500000000000000e+04 5.980000000000000000e+03
2.715000000000000000e+04 5.980000000000000000e+03
2.717500000000000000e+04 5.980000000000000000e+03
2.720000000000000000e+04 5.980000000000000000e+03
2.722500000000000000e+04 5.980000000000000000e+03
2.725000000000000000e+04 5.980000000000000000e+03
2.727500000000000000e+04 5.980000000000000000e+03
2.730000000000000000e+04 5.980000000000000000e+03
2.732500000000000000e+04 5.980000000000000000e+03
2.735000000000000000e+04 5.980000000000000000e+03
2.737500000000000000e+04 5.980000000000000000e+03
2.740000000000000000e+04 5.980000000000000000e+03
2.742500000000000000e+04 5.980000000000000000e+03
2.745000000000000000e+04 5.980000000000000000e+03
2.747500000000000000e+04 5.980000000000000000e+03
2.750000000000000000e+04 5.980000000000000000e+03
2.752500000000000000e+04 5.980000000000000000e+03
2.755000000000000000e+04 5.980000000000000000e+03
2.757500000000000000e+04 5.980000000000000000e+03
2.760000000000000000e+04 5.980000000000000000e+03
2.762500000000000000e+04 5.980000000000000000e+03
2.765000000000000000e+04 5.980000000000000000e+03
2.767500000000000000e+04 5.980000000000000000e+03
2.770000000000000000e+04 5.980000000000000000e+03
2.772500000000000000e+04 5.980000000000000000e+03
2.775000000000000000e+04 5.980000000000000000e+03
2.777500000000000000e+04 5.980000000000000000e+03
2.780000000000000000e+04 5.980000000000000000e+03
2.782500000000000000e+04 5.980000000000000000e+03
2.785000000000000000e+04 5.980000000000000000e+03
2.787500000000000000e+04 5.980000000000000000e+03
2.790000000000000000e+04 5.980000000000000000e+03
2.792500000000000000e+04 5.980000000000000000e+03
2.795000000000000000e+04 5.980000000000000000e+03
2.797500000000000000e+04 5.980000000000000000e+03
2.800000000000000000e+04 5.980000000000000000e+03
2.802500000000000000e+04 5.980000000000000000e+03
2.805000000000000000e+04 5.980000000000000000e+03
2.807500000000000000e+04 5.980000000000000000e+03
2.810000000000000000e+04 5.980000000000000000e+03
2.812500000000000000e+04 5.980000000000000000e+03
2.815000000000000000e+04 5.980000000000000000e+03
2.817500000000000000e+04 5.980000000000000000e+03
2.820000000000000000e+04 5.980000000000000000e+03
2.822500000000000000e+04 5.980000000000000000e+03
2.825000000000000000e+04 5.980000000000000000e+03
2.827500000000000000e+04 5.980000000000000000e+03
2.830000000000000000e+04 5.980000000000000000e+03
2.832500000000000000e+04 5.980000000000000000e+03
2.835000000000000000e+04 5.980000000000000000e+03
2.837500000000000000e+04 5.980000000000000000e+03
2.840000000000000000e+04 5.980000000000000000e+03
2.842500000000000000e+04 5.980000000000000000e+03
2.845000000000000000e+04 5.980000000000000000e+03
2.847500000000000000e+04 5.980000000000000000e+03
2.850000000000000000e+04 5.980000000000000000e+03
2.852500000000000000e+04 5.980000000000000000e+03
2.855000000000000000e+04 5.980000000000000000e+03
2.857500000000000000e+04 5.980000000000000000e+03
2.860000000000000000e+04 5.980000000000000000e+03
2.862500000000000000e+04 5.980000000000000000e+03
2.865000000000000000e+04 5.980000000000000000e+03
2.867500000000000000e+04 5.980000000000000000e+03
2.870000000000000000e+04 5.980000000000000000e+03
2.872500000000000000e+04 5.980000000000000000e+03
2.875000000000000000e+04 5.980000000000000000e+03
2.877500000000000000e+04 5.980000000000000000e+03
2.880000000000000000e+04 5.980000000000000000e+03
2.882500000000000000e+04 5.980000000000000000e+03
2.885000000000000000e+04 5.980000000000000000e+03
2.887500000000000000e+04 5.980000000000000000e+03
2.890000000000000000e+04 5.980000000000000000e+03
2.892500000000000000e+04 5.980000000000000000e+03
2.895000000000000000e+04 5.980000000000000000e+03
2.897500000000000000e+04 5.980000000000000000e+03
2.900000000000000000e+04 5.980000000000000000e+03
2.902500000000000000e+04 5.980000000000000000e+03
2.905000000000000000e+04 5.980000000000000000e+03
2.907500000000000000e+04 5.980000000000000000e+03
2.910000000000000000e+04 5.980000000000000000e+03
2.912500000000000000e+04 5.980000000000000000e+03
2.915000000000000000e+04 5.980000000000000000e+03
2.917500000000000000e+04 5.980000000000000000e+03
2.920000000000000000e+04 5.980000000000000000e+03
2.922500000000000000e+04 5.980000000000000000e+03
2.925000000000000000e+04 5.980000000000000000e+03
2.927500000000000000e+04 5.980000000000000000e+03
2.930000000000000000e+04 5.980000000000000000e+03
2.932500000000000000e+04 5.980000000000000000e+03
2.935000000000000000e+04 5.980000000000000000e+03
2.937500000000000000e+04 5.980000000000000000e+03
2.940000000000000000e+04 5.980000000000000000e+03
2.942500000000000000e+04 5.980000000000000000e+03
2.945000000000000000e+04 5.980000000000000000e+03
2.947500000000000000e+04 5.980000000000000000e+03
2.950000000000000000e+04 5.980000000000000000e+03
2.952500000000000000e+04 5.980000000000000000e+03
2.955000000000000000e+04 5.980000000000000000e+03
2.957500000000000000e+04 5.980000000000000000e+03
2.960000000000000000e+04 5.980000000000000000e+03
2.962500000000000000e+04 5.980000000000000000e+03
2.965000000000000000e+04 5.980000000000000000e+03
2.967500000000000000e+04 5.980000000000000000e+03
2.970000000000000000e+04 5.980000000000000000e+03
2.972500000000000000e+04 5.980000000000000000e+03
2.975000000000000000e+04 5.980000000000000000e+03
2.977500000000000000e+04 5.980000000000000000e+03
2.980000000000000000e+04 5.980000000000000000e+03
2.982500000000000000e+04 5.980000000000000000e+03
2.985000000000000000e+04 5.980000000000000000e+03
2.987500000000000000e+04 5.980000000000000000e+03
2.990000000000000000e+04 5.980000000000000000e+03
2.992500000000000000e+04 5.980000000000000000e+03
2.995000000000000000e+04 5.980000000000000000e+03
2.997500000000000000e+04 5.980000000000000000e+03
3.000000000000000000e+04 5.980000000000000000e+03
3.002500000000000000e+04 5.980000000000000000e+03
3.005000000000000000e+04 5.980000000000000000e+03
3.007500000000000000e+04 5.980000000000000000e+03
3.010000000000000000e+04 5.980000000000000000e+03
3.012500000000000000e+04 5.980000000000000000e+03
3.015000000000000000e+04 5.980000000000000000e+03
3.017500000000000000e+04 5.980000000000000000e+03
3.020000000000000000e+04 5.980000000000000000e+03
3.022500000000000000e+04 5.980000000000000000e+03
3.025000000000000000e+04 5.980000000000000000e+03
3.027500000000000000e+04 5.980000000000000000e+03
3.030000000000000000e+04 5.980000000000000000e+03
3.032500000000000000e+04 5.980000000000000000e+03
3.035000000000000000e+04 5.980000000000000000e+03
3.037500000000000000e+04 5.980000000000000000e+03
3.040000000000000000e+04 5.980000000000000000e+03
3.042500000000000000e+04 5.980000000000000000e+03
3.045000000000000000e+04 5.980000000000000000e+03
3.047500000000000000e+04 5.980000000000000000e+03
3.050000000000000000e+04 5.980000000000000000e+03
3.052500000000000000e+04 5.980000000000000000e+03
3.055000000000000000e+04 5.980000000000000000e+03
3.057500000000000000e+04 5.980000000000000000e+03
3.060000000000000000e+04 5.980000000000000000e+03
3.062500000000000000e+04 5.980000000000000000e+03
3.065000000000000000e+04 5.980000000000000000e+03
3.067500000000000000e+04 5.980000000000000000e+03
3.070000000000000000e+04 5.980000000000000000e+03
3.072500000000000000e+04 5.980000000000000000e+03
3.075000000000000000e+04 5.980000000000000000e+03
3.077500000000000000e+04 5.980000000000000000e+03
3.080000000000000000e+04 5.980000000000000000e+03
3.082500000000000000e+04 5.980000000000000000e+03
3.085000000000000000e+04 5.980000000000000000e+03
3.087500000000000000e+04 5.980000000000000000e+03
3.090000000000000000e+04 5.980000000000000000e+03
3.092500000000000000e+04 5.980000000000000000e+03
3.095000000000000000e+04 5.980000000000000000e+03
3.097500000000000000e+04 5.980000000000000000e+03
3.100000000000000000e+04 5.980000000000000000e+03
3.102500000000000000e+04 5.980000000000000000e+03
3.105000000000000000e+04 5.980000000000000000e+03
3.107500000000000000e+04 5.980000000000000000e+03
3.110000000000000000e+04 5.980000000000000000e+03
3.112500000000000000e+04 5.980000000000000000e+03
3.115000000000000000e+04 5.980000000000000000e+03
3.117500000000000000e+04 5.980000000000000000e+03
3.120000000000000000e+04 5.980000000000000000e+03
3.122500000000000000e+04 5.980000000000000000e+03
3.125000000000000000e+04 5.980000000000000000e+03
3.127500000000000000e+04 5.980000000000000000e+03
3.130000000000000000e+04 5.980000000000000000e+03
3.132500000000000000e+04 5.980000000000000000e+03
3.135000000000000000e+04 5.980000000000000000e+03
3.137500000000000000e+04 5.980000000000000000e+03
3.140000000000000000e+04 5.980000000000000000e+03
3.142500000000000000e+04 5.980000000000000000e+03
3.145000000000000000e+04 5.980000000000000000e+03
3.147500000000000000e+04 5.980000000000000000e+03
3.150000000000000000e+04 5.980000000000000000e+03
3.152500000000000000e+04 5.980000000000000000e+03
3.155000000000000000e+04 5.980000000000000000e+03
3.157500000000000000e+04 5.980000000000000000e+03
3.160000000000000000e+04 5.980000000000000000e+03
3.162500000000000000e+04 5.980000000000000000e+03
3.165000000000000000e+04 5.980000000000000000e+03
3.167500000000000000e+04 5.980000000000000000e+03
3.170000000000000000e+04 5.980000000000000000e+03
3.172500000000000000e+04 5.980000000000000000e+03
3.175000000000000000e+04 5.980000000000000000e+03
3.177500000000000000e+04 5.980000000000000000e+03
3.180000000000000000e+04 5.980000000000000000e+03
3.182500000000000000e+04 5.980000000000000000e+03
3.185000000000000000e+04 5.980000000000000000e+03
3.187500000000000000e+04 5.980000000000000000e+03
3.190000000000000000e+04 5.980000000000000000e+03
3.192500000000000000e+04 5.980000000000000000e+03
3.195000000000000000e+04 5.980000000000000000e+03
3.197500000000000000e+04 5.980000000000000000e+03
3.200000000000000000e+04 5.980000000000000000e+03
3.202500000000000000e+04 5.980000000000000000e+03
3.205000000000000000e+04 5.980000000000000000e+03
3.207500000000000000e+04 5.980000000000000000e+03
3.210000000000000000e+04 5.980000000000000000e+03
3.212500000000000000e+04 5.980000000000000000e+03
3.215000000000000000e+04 5.980000000000000000e+03
3.217500000000000000e+04 5.980000000000000000e+03
3.220000000000000000e+04 5.980000000000000000e+03
3.222500000000000000e+04 5.980000000000000000e+03
3.225000000000000000e+04 5.980000000000000000e+03
3.227500000000000000e+04 5.980000000000000000e+03
3.230000000000000000e+04 5.980000000000000000e+03
3.232500000000000000e+04 5.980000000000000000e+03
3.235000000000000000e+04 5.980000000000000000e+03
3.237500000000000000e+04 5.980000000000000000e+03
3.240000000000000000e+04 5.980000000000000000e+03
3.242500000000000000e+04 5.980000000000000000e+03
3.245000000000000000e+04 5.980000000000000000e+03
3.247500000000000000e+04 5.980000000000000000e+03
3.250000000000000000e+04 5.980000000000000000e+03
3.252500000000000000e+04 5.980000000000000000e+03
3.255000000000000000e+04 5.980000000000000000e+03
3.257500000000000000e+04 5.980000000000000000e+03
3.260000000000000000e+04 5.980000000000000000e+03
3.262500000000000000e+04 5.980000000000000000e+03
3.265000000000000000e+04 5.980000000000000000e+03
3.267500000000000000e+04 5.980000000000000000e+03
3.270000000000000000e+04 5.980000000000000000e+03
3.272500000000000000e+04 5.980000000000000000e+03
3.275000000000000000e+04 5.980000000000000000e+03
3.277500000000000000e+04 5.980000000000000000e+03
3.280000000000000000e+04 5.980000000000000000e+03
3.282500000000000000e+04 5.980000000000000000e+03
3.285000000000000000e+04 5.980000000000000000e+03
3.287500000000000000e+04 5.980000000000000000e+03
3.290000000000000000e+04 5.980000000000000000e+03
3.292500000000000000e+04 5.980000000000000000e+03
3.295000000000000000e+04 5.980000000000000000e+03
3.297500000000000000e+04 5.980000000000000000e+03
3.300000000000000000e+04 5.980000000000000000e+03
3.302500000000000000e+04 5.980000000000000000e+03
3.305000000000000000e+04 5.980000000000000000e+03
3.307500000000000000e+04 5.980000000000000000e+03
3.310000000000000000e+04 5.980000000000000000e+03
3.312500000000000000e+04 5.980000000000000000e+03
3.315000000000000000e+04 5.980000000000000000e+03
3.317500000000000000e+04 5.980000000000000000e+03
3.320000000000000000e+04 5.980000000000000000e+03
3.322500000000000000e+04 5.980000000000000000e+03
3.325000000000000000e+04 5.980000000000000000e+03
3.327500000000000000e+04 5.980000000000000000e+03
3.330000000000000000e+04 5.980000000000000000e+03
3.332500000000000000e+04 5.980000000000000000e+03
3.335000000000000000e+04 5.980000000000000000e+03
3.337500000000000000e+04 5.980000000000000000e+03
3.340000000000000000e+04 5.980000000000000000e+03
3.342500000000000000e+04 5.980000000000000000e+03
3.345000000000000000e+04 5.980000000000000000e+03
3.347500000000000000e+04 5.980000000000000000e+03
3.350000000000000000e+04 5.980000000000000000e+03
3.352500000000000000e+04 5.980000000000000000e+03
3.355000000000000000e+04 5.980000000000000000e+03
3.357500000000000000e+04 5.980000000000000000e+03
3.360000000000000000e+04 5.980000000000000000e+03
3.362500000000000000e+04 5.980000000000000000e+03
3.365000000000000000e+04 5.980000000000000000e+03
3.367500000000000000e+04 5.980000000000000000e+03
3.370000000000000000e+04 5.980000000000000000e+03
3.372500000000000000e+04 5.980000000000000000e+03
3.375000000000000000e+04 5.980000000000000000e+03
3.377500000000000000e+04 5.980000000000000000e+03
3.380000000000000000e+04 5.980000000000000000e+03
3.382500000000000000e+04 5.980000000000000000e+03
3.385000000000000000e+04 5.980000000000000000e+03
3.387500000000000000e+04 5.980000000000000000e+03
3.390000000000000000e+04 5.980000000000000000e+03
3.392500000000000000e+04 5.980000000000000000e+03
3.395000000000000000e+04 5.980000000000000000e+03
3.397500000000000000e+04 5.980000000000000000e+03
3.400000000000000000e+04 5.980000000000000000e+03
3.402500000000000000e+04 5.980000000000000000e+03
3.405000000000000000e+04 5.980000000000000000e+03
3.407500000000000000e+04 5.980000000000000000e+03
3.410000000000000000e+04 5.980000000000000000e+03
3.412500000000000000e+04 5.980000000000000000e+03
3.415000000000000000e+04 5.980000000000000000e+03
3.417500000000000000e+04 5.980000000000000000e+03
3.420000000000000000e+04 5.980000000000000000e+03
3.422500000000000000e+04 5.980000000000000000e+03
3.425000000000000000e+04 5.980000000000000000e+03
3.427500000000000000e+04 5.980000000000000000e+03
3.430000000000000000e+04 5.980000000000000000e+03
3.432500000000000000e+04 5.980000000000000000e+03
3.435000000000000000e+04 5.980000000000000000e+03
3.437500000000000000e+04 5.980000000000000000e+03
3.440000000000000000e+04 5.980000000000000000e+03
3.442500000000000000e+04 5.980000000000000000e+03
3.445000000000000000e+04 5.980000000000000000e+03
3.447500000000000000e+04 5.980000000000000000e+03
3.450000000000000000e+04 5.980000000000000000e+03
3.452500000000000000e+04 5.980000000000000000e+03
3.455000000000000000e+04 5.980000000000000000e+03
3.457500000000000000e+04 5.980000000000000000e+03
3.460000000000000000e+04 5.980000000000000000e+03
3.462500000000000000e+04 5.980000000000000000e+03
3.465000000000000000e+04 5.980000000000000000e+03
3.467500000000000000e+04 5.980000000000000000e+03
3.470000000000000000e+04 5.980000000000000000e+03
3.472500000000000000e+04 5.980000000000000000e+03
3.475000000000000000e+04 5.980000000000000000e+03
3.477500000000000000e+04 5.980000000000000000e+03
3.480000000000000000e+04 5.980000000000000000e+03
3.482500000000000000e+04 5.980000000000000000e+03
3.485000000000000000e+04 5.980000000000000000e+03
3.487500000000000000e+04 5.980000000000000000e+03
3.490000000000000000e+04 5.980000000000000000e+03
3.492500000000000000e+04 5.980000000000000000e+03
3.495000000000000000e+04 5.980000000000000000e+03
3.497500000000000000e+04 5.980000000000000000e+03
3.500000000000000000e+04 5.980000000000000000e+03
3.502500000000000000e+04 5.980000000000000000e+03
3.505000000000000000e+04 5.980000000000000000e+03
3.507500000000000000e+04 5.980000000000000000e+03
3.510000000000000000e+04 5.980000000000000000e+03
3.512500000000000000e+04 5.980000000000000000e+03
3.515000000000000000e+04 5.980000000000000000e+03
3.517500000000000000e+04 5.980000000000000000e+03
3.520000000000000000e+04 5.980000000000000000e+03
3.522500000000000000e+04 5.980000000000000000e+03
3.525000000000000000e+04 5.980000000000000000e+03
3.527500000000000000e+04 5.980000000000000000e+03
3.530000000000000000e+04 5.980000000000000000e+03
3.532500000000000000e+04 5.980000000000000000e+03
3.535000000000000000e+04 5.980000000000000000e+03
3.537500000000000000e+04 5.980000000000000000e+03
3.540000000000000000e+04 5.980000000000000000e+03
3.542500000000000000e+04 5.980000000000000000e+03
3.545000000000000000e+04 5.980000000000000000e+03
3.547500000000000000e+04 5.980000000000000000e+03
3.550000000000000000e+04 5.980000000000000000e+03
3.552500000000000000e+04 5.980000000000000000e+03
3.555000000000000000e+04 5.980000000000000000e+03
3.557500000000000000e+04 5.980000000000000000e+03
3.560000000000000000e+04 5.980000000000000000e+03
3.562500000000000000e+04 5.980000000000000000e+03
3.565000000000000000e+04 5.980000000000000000e+03
3.567500000000000000e+04 5.980000000000000000e+03
3.570000000000000000e+04 5.980000000000000000e+03
3.572500000000000000e+04 5.980000000000000000e+03
3.575000000000000000e+04 5.980000000000000000e+03
3.577500000000000000e+04 5.980000000000000000e+03
3.580000000000000000e+04 5.980000000000000000e+03
3.582500000000000000e+04 5.980000000000000000e+03
3.585000000000000000e+04 5.980000000000000000e+03
3.587500000000000000e+04 5.980000000000000000e+03
3.590000000000000000e+04 5.980000000000000000e+03
3.592500000000000000e+04 5.980000000000000000e+03
3.595000000000000000e+04 5.980000000000000000e+03
3.597500000000000000e+04 5.980000000000000000e+03
3.600000000000000000e+04 5.980000000000000000e+03
3.602500000000000000e+04 5.980000000000000000e+03
3.605000000000000000e+04 5.980000000000000000e+03
3.607500000000000000e+04 5.980000000000000000e+03
3.610000000000000000e+04 5.980000000000000000e+03
3.612500000000000000e+04 5.980000000000000000e+03
3.615000000000000000e+04 5.980000000000000000e+03
3.617500000000000000e+04 5.980000000000000000e+03
3.620000000000000000e+04 5.980000000000000000e+03
3.622500000000000000e+04 5.980000000000000000e+03
3.625000000000000000e+04 5.980000000000000000e+03
3.627500000000000000e+04 5.980000000000000000e+03
3.630000000000000000e+04 5.980000000000000000e+03
3.632500000000000000e+04 5.980000000000000000e+03
3.635000000000000000e+04 5.980000000000000000e+03
3.637500000000000000e+04 5.980000000000000000e+03
3.640000000000000000e+04 5.980000000000000000e+03
3.642500000000000000e+04 5.980000000000000000e+03
3.645000000000000000e+04 5.980000000000000000e+03
3.647500000000000000e+04 5.980000000000000000e+03
3.650000000000000000e+04 5.980000000000000000e+03
3.652500000000000000e+04 5.980000000000000000e+03
3.655000000000000000e+04 5.980000000000000000e+03
3.657500000000000000e+04 5.980000000000000000e+03
3.660000000000000000e+04 5.980000000000000000e+03
3.662500000000000000e+04 5.980000000000000000e+03
3.665000000000000000e+04 5.980000000000000000e+03
3.667500000000000000e+04 5.980000000000000000e+03
3.670000000000000000e+04 5.980000000000000000e+03
3.672500000000000000e+04 5.980000000000000000e+03
3.675000000000000000e+04 5.980000000000000000e+03
3.677500000000000000e+04 5.980000000000000000e+03
3.680000000000000000e+04 5.980000000000000000e+03
3.682500000000000000e+04 5.980000000000000000e+03
3.685000000000000000e+04 5.980000000000000000e+03
3.687500000000000000e+04 5.980000000000000000e+03
3.690000000000000000e+04 5.980000000000000000e+03
3.692500000000000000e+04 5.980000000000000000e+03
3.695000000000000000e+04 5.980000000000000000e+03
3.697500000000000000e+04 5.980000000000000000e+03
3.700000000000000000e+04 5.980000000000000000e+03
3.702500000000000000e+04 5.980000000000000000e+03
3.705000000000000000e+04 5.980000000000000000e+03
3.707500000000000000e+04 5.980000000000000000e+03
3.710000000000000000e+04 5.980000000000000000e+03
3.712500000000000000e+04 5.980000000000000000e+03
3.715000000000000000e+04 5.980000000000000000e+03
3.717500000000000000e+04 5.980000000000000000e+03
3.720000000000000000e+04 5.980000000000000000e+03
3.722500000000000000e+04 5.980000000000000000e+03
3.725000000000000000e+04 5.980000000000000000e+03
3.727500000000000000e+04 5.980000000000000000e+03
3.730000000000000000e+04 5.980000000000000000e+03
3.732500000000000000e+04 5.980000000000000000e+03
3.735000000000000000e+04 5.980000000000000000e+03
3.737500000000000000e+04 5.980000000000000000e+03
3.740000000000000000e+04 5.980000000000000000e+03
3.742500000000000000e+04 5.980000000000000000e+03
3.745000000000000000e+04 5.980000000000000000e+03
3.747500000000000000e+04 5.980000000000000000e+03
3.750000000000000000e+04 5.980000000000000000e+03
3.752500000000000000e+04 5.980000000000000000e+03
3.755000000000000000e+04 5.980000000000000000e+03
3.757500000000000000e+04 5.980000000000000000e+03
3.760000000000000000e+04 5.980000000000000000e+03
3.762500000000000000e+04 5.980000000000000000e+03
3.765000000000000000e+04 5.980000000000000000e+03
3.767500000000000000e+04 5.980000000000000000e+03
3.770000000000000000e+04 5.980000000000000000e+03
3.772500000000000000e+04 5.980000000000000000e+03
3.775000000000000000e+04 5.980000000000000000e+03
3.777500000000000000e+04 5.980000000000000000e+03
3.780000000000000000e+04 5.980000000000000000e+03
3.782500000000000000e+04 5.980000000000000000e+03
3.785000000000000000e+04 5.980000000000000000e+03
3.787500000000000000e+04 5.980000000000000000e+03
3.790000000000000000e+04 5.980000000000000000e+03
3.792500000000000000e+04 5.980000000000000000e+03
3.795000000000000000e+04 5.980000000000000000e+03
3.797500000000000000e+04 5.980000000000000000e+03
3.800000000000000000e+04 5.980000000000000000e+03
3.802500000000000000e+04 5.980000000000000000e+03
3.805000000000000000e+04 5.980000000000000000e+03
3.807500000000000000e+04 5.980000000000000000e+03
3.810000000000000000e+04 5.980000000000000000e+03
3.812500000000000000e+04 5.980000000000000000e+03
3.815000000000000000e+04 5.980000000000000000e+03
3.817500000000000000e+04 5.980000000000000000e+03
3.820000000000000000e+04 5.980000000000000000e+03
3.822500000000000000e+04 5.980000000000000000e+03
3.825000000000000000e+04 5.980000000000000000e+03
3.827500000000000000e+04 5.980000000000000000e+03
3.830000000000000000e+04 5.980000000000000000e+03
3.832500000000000000e+04 5.980000000000000000e+03
3.835000000000000000e+04 5.980000000000000000e+03
3.837500000000000000e+04 5.980000000000000000e+03
3.840000000000000000e+04 5.980000000000000000e+03
3.842500000000000000e+04 5.980000000000000000e+03
3.845000000000000000e+04 5.980000000000000000e+03
3.847500000000000000e+04 5.980000000000000000e+03
3.850000000000000000e+04 5.980000000000000000e+03
3.852500000000000000e+04 5.980000000000000000e+03
3.855000000000000000e+04 5.980000000000000000e+03
3.857500000000000000e+04 5.980000000000000000e+03
3.860000000000000000e+04 5.980000000000000000e+03
3.862500000000000000e+04 5.980000000000000000e+03
3.865000000000000000e+04 5.980000000000000000e+03
3.867500000000000000e+04 5.980000000000000000e+03
3.870000000000000000e+04 5.980000000000000000e+03
3.872500000000000000e+04 5.980000000000000000e+03
3.875000000000000000e+04 5.980000000000000000e+03
3.877500000000000000e+04 5.980000000000000000e+03
3.880000000000000000e+04 5.980000000000000000e+03
3.882500000000000000e+04 5.980000000000000000e+03
3.885000000000000000e+04 5.980000000000000000e+03
3.887500000000000000e+04 5.980000000000000000e+03
3.890000000000000000e+04 5.980000000000000000e+03
3.892500000000000000e+04 5.980000000000000000e+03
3.895000000000000000e+04 5.980000000000000000e+03
3.897500000000000000e+04 5.980000000000000000e+03
3.900000000000000000e+04 5.980000000000000000e+03
3.902500000000000000e+04 5.980000000000000000e+03
3.905000000000000000e+04 5.980000000000000000e+03
3.907500000000000000e+04 5.980000000000000000e+03
3.910000000000000000e+04 5.980000000000000000e+03
3.912500000000000000e+04 5.980000000000000000e+03
3.915000000000000000e+04 5.980000000000000000e+03
3.917500000000000000e+04 5.980000000000000000e+03
3.920000000000000000e+04 5.980000000000000000e+03
3.922500000000000000e+04 5.980000000000000000e+03
3.925000000000000000e+04 5.980000000000000000e+03
3.927500000000000000e+04 5.980000000000000000e+03
3.930000000000000000e+04 5.980000000000000000e+03
3.932500000000000000e+04 5.980000000000000000e+03
3.935000000000000000e+04 5.980000000000000000e+03
3.937500000000000000e+04 5.980000000000000000e+03
3.940000000000000000e+04 5.980000000000000000e+03
3.942500000000000000e+04 5.980000000000000000e+03
3.945000000000000000e+04 5.980000000000000000e+03
3.947500000000000000e+04 5.980000000000000000e+03
3.950000000000000000e+04 5.980000000000000000e+03
3.952500000000000000e+04 5.980000000000000000e+03
3.955000000000000000e+04 5.980000000000000000e+03
3.957500000000000000e+04 5.980000000000000000e+03
3.960000000000000000e+04 5.980000000000000000e+03
3.962500000000000000e+04 5.980000000000000000e+03
3.965000000000000000e+04 5.980000000000000000e+03
3.967500000000000000e+04 5.980000000000000000e+03
3.970000000000000000e+04 5.980000000000000000e+03
3.972500000000000000e+04 5.980000000000000000e+03
3.975000000000000000e+04 5.980000000000000000e+03
3.977500000000000000e+04 5.980000000000000000e+03
3.980000000000000000e+04 5.980000000000000000e+03
3.982500000000000000e+04 5.980000000000000000e+03
3.985000000000000000e+04 5.980000000000000000e+03
3.987500000000000000e+04 5.980000000000000000e+03
3.990000000000000000e+04 5.980000000000000000e+03
3.992500000000000000e+04 5.980000000000000000e+03
3.995000000000000000e+04 5.980000000000000000e+03
3.997500000000000000e+04 5.980000000000000000e+03
4.000000000000000000e+04 5.980000000000000000e+03
4.002500000000000000e+04 5.980000000000000000e+03
4.005000000000000000e+04 5.980000000000000000e+03
4.007500000000000000e+04 5.980000000000000000e+03
4.010000000000000000e+04 5.980000000000000000e+03
4.012500000000000000e+04 5.980000000000000000e+03
4.015000000000000000e+04 5.980000000000000000e+03
4.017500000000000000e+04 5.980000000000000000e+03
4.020000000000000000e+04 5.980000000000000000e+03
4.022500000000000000e+04 5.980000000000000000e+03
4.025000000000000000e+04 5.980000000000000000e+03
4.027500000000000000e+04 5.980000000000000000e+03
4.030000000000000000e+04 5.980000000000000000e+03
4.032500000000000000e+04 5.980000000000000000e+03
4.035000000000000000e+04 5.980000000000000000e+03
4.037500000000000000e+04 5.980000000000000000e+03
4.040000000000000000e+04 5.980000000000000000e+03
4.042500000000000000e+04 5.980000000000000000e+03
4.045000000000000000e+04 5.980000000000000000e+03
4.047500000000000000e+04 5.980000000000000000e+03
4.050000000000000000e+04 5.980000000000000000e+03
4.052500000000000000e+04 5.980000000000000000e+03
4.055000000000000000e+04 5.980000000000000000e+03
4.057500000000000000e+04 5.980000000000000000e+03
4.060000000000000000e+04 5.980000000000000000e+03
4.062500000000000000e+04 5.980000000000000000e+03
4.065000000000000000e+04 5.980000000000000000e+03
4.067500000000000000e+04 5.980000000000000000e+03
4.070000000000000000e+04 5.980000000000000000e+03
4.072500000000000000e+04 5.980000000000000000e+03
4.075000000000000000e+04 5.980000000000000000e+03
4.077500000000000000e+04 5.980000000000000000e+03
4.080000000000000000e+04 5.980000000000000000e+03
4.082500000000000000e+04 5.980000000000000000e+03
4.085000000000000000e+04 5.980000000000000000e+03
4.087500000000000000e+04 5.980000000000000000e+03
4.090000000000000000e+04 5.980000000000000000e+03
4.092500000000000000e+04 5.980000000000000000e+03
4.095000000000000000e+04 5.980000000000000000e+03
4.097500000000000000e+04 5.980000000000000000e+03
